# Vegetation parameter data file for IGBP classification
key            WaterType MaxLAI MinLAI StemAI RoughLength  DispHeight   LeafDim      RootA RootB LeafRefVis   LeafRefNir   StemRefVis   StemRefNir   LeafTransVis LeafTransNir StemTransVis StemTransNir OrientIndex  BTranExp     Irrig
forest_en      1         6.0    5.0    2      1.0          11.0         0.04         7.0   2.0   0.07         0.35         0.16         0.39         0.05         0.1          0.001        0.001        0.01         1.0          0
forest_eb      1         6.0    5.0    2      2.2          23.0         0.04         7.0   1.0   0.10         0.45         0.16         0.39         0.05         0.25         0.001        0.001        0.1          1.0          0
forest_dn      1         6.0    1.0    2      1.0          11.0         0.04         7.0   2.0   0.07         0.35         0.16         0.39         0.05         0.1          0.001        0.001        0.01         1.0          0
forest_db      1         6.0    1.0    2      0.8          13.0         0.04         6.0   2.0   0.10         0.45         0.16         0.39         0.05         0.25         0.001        0.001        0.25         1.0          0
forest_mixed   1         6.0    3.0    2      0.8          13.0         0.04         5.0   1.5   0.08         0.4          0.16         0.39         0.05         0.17         0.001        0.001        0.13         1.0          0
shrub_closed   1         6.0    2.0    2      0.1          0.3          0.04         6.0   1.5   0.08         0.4          0.16         0.39         0.05         0.17         0.001        0.001        0.13         1.0          0
shrub_open     1         6.0    1.0    2      0.1          0.3          0.04         5.0   2.5   0.08         0.4          0.16         0.39         0.05         0.17         0.001        0.001        0.13         1.0          0
sav_woody      1         6.0    2.0    2      0.7          6.5          0.04         6.0   2.5   0.09         0.49         0.26         0.48         0.06         0.21         0.11         0.19         -0.08        1.0          0
savannas       1         6.0    1.0    2      0.1          0.7          0.04         5.0   1.0   0.11         0.58         0.36         0.58         0.07         0.25         0.22         0.38         -0.3         1.0          0
grasslands     1         2.0    0.5    4      0.03         0.3          0.04         1.0   2.5   0.11         0.58         0.36         0.58         0.07         0.25         0.22         0.38         -0.3         1.0          0
wetlands_perm  5         6.0    0.5    2      0.03         0.3          0.04         6.0   2.0   0.11         0.35         0.36         0.39         0.07         0.1          0.22         0.001        -0.3         1.0          0
croplands      1         6.0    0.5    0.5    0.06         0.3          0.04         6.0   2.5   0.11         0.58         0.36         0.58         0.07         0.25         0.22         0.38         -0.3         1.0          0
urban          1         5.0    1.0    2      0.5          3.0          0.04         5.0   2.0   0.09         0.47         0.24         0.47         0.06         0.2          0.09         0.15         -0.07        1.0          0
crop_veg_m     1         6.0    2.0    2      0.06         0.3          0.04         5.0   2.0   0.09         0.47         0.24         0.47         0.06         0.2          0.09         0.15         -0.07        1.0          0
snow_ice       2         0.0    0.0    2      0.01         0.0          0.04         0.0   0.0   -99.0        -99.0        -99.0        -99.0        -99.0        -99.0        -99.0        -99.0        -99.0        -99.0        0
barren         1         6.0    0.5    2      0.05         0.1          0.04         5.0   2.0   0.09         0.47         0.24         0.47         0.06         0.2          0.09         0.15         -0.07        1.0          0
water          3         0.0    0.0    2      0.002        0.0          0.04         0.0   0.0   -99.0        -99.0        -99.0        -99.0        -99.0        -99.0        -99.0        -99.0        -99.0        -99.0        0
bare_soil      1         0.0    0.0    0      0.01         0.0          0.00         0.0   0.0   -99.0        -99.0        -99.0        -99.0        -99.0        -99.0        -99.0        -99.0        -99.0        -99.0        0
