0
0.0 0.0
10.
65280 65280 65280  0 0 0  0 0 0
2 2 2
0. 0. 0.
1
8
C:/Reed/chunk_dist/chunk_dist_3-07/ps/chunk.ps
0
0.0 0.0 0.0
1.0 1.0 1.0
0 0 0 0 0 0
5. 5. 5.
5. 5. 5.
0 0 0
5 5 5
x (m)
y (m)
z (m)
 
 
0.0 0.0
1
0.93 -0.4 0.93 0.4
1
3
C:/Reed/chunk_dist/chunk_dist_3-07/test/field_test.ascii
4 1
0
0.0 5.0
C:/Reed/chunk_dist/chunk_dist_3-07/ctb/rainbow10.ctb
2 0 -2
0.8
0
0
1
1 1
3
C:/Reed/chunk_dist/chunk_dist_3-07/test/field_test.ascii
1
3.0 6.0
-1 -1 0
1.0 1.0 1.0
3
 0.61  0.61  0.61  0.74  0.74  0.74  0.88  0.88  0.88
 0.61  0.61  0.61  0.74  0.74  0.74  0.88  0.88  0.88
 0.61  0.61  0.61  0.74  0.74  0.74  0.88  0.88  0.88
 0.61  0.61  0.61  0.74  0.74  0.74  0.88  0.88  0.88
 0.61  0.61  0.61  0.74  0.74  0.74  0.88  0.88  0.88
 0.61  0.61  0.61  0.74  0.74  0.74  0.88  0.88  0.88
1
36.0 36.0
> 1
1
3
C:/Reed/chunk_dist/chunk_dist_3-07/test/wells.lin
0. 0.
48640 48640 48640
0.0 0.0 0.0
1 1.00
2.0 0 0 1.0
2.0 2 0 1.0
0
1
C:/Reed/chunk_dist/chunk_dist_3-07/test/dots.txt
0.0 0.0
48640 48640 48640
0.0 0.0 0.0
1 1.00
5.0 0 1.0
5.0 0 1.0
0
